0 0 0 0
0 0 0 0
0 0 0 0
0 0 0 0
30 0 0 0
1 0 0 0
0 0 0 0
0 0 0 0
255 0 0 0
0 0 0 0
1 0 0 0
2 0 0 0
0 0 0 0
40 0 0 0
10 0 0 0
40 0 0 0
0 0 0 0
216 255 255 255
0 0 0 0
1 0 0 0
205 204 76 62
64 0 0 0
255 0 0 0
255 0 0 0
0 0 0 0
4 0 0 0
3 0 0 0
1 0 0 0
0 0 0 0
30 0 0 0
30 0 0 0
30 0 0 0
0 0 0 0
0 0 0 0
0 0 0 0
1 0 0 0
1 0 0 0
255 0 0 0
255 0 0 0
255 0 0 0
255 0 0 0
255 255 255 255
0 0 0 0
255 255 255 255
1 0 0 0
255 255 255 255
255 255 255 255
99 0 0 0
0 0 0 0
1 0 0 0
255 255 255 255
255 255 255 255
