ff ff ff ba
0 0 0 23
ff ff ff ec
0 0 0 14
0 0 0 1e
0 0 0 1
0 0 0 32
0 0 0 32
0 0 0 ff
0 0 0 0
0 0 0 1
0 0 0 1
0 0 0 0
0 0 0 14
0 0 0 14
0 0 0 41
0 0 0 0
0 0 0 14
0 0 0 2d
0 0 0 1
3f 80 0 0
0 0 0 fa
0 0 0 80
0 0 0 d2
0 0 0 0
0 0 0 0
0 0 0 3
0 0 0 1
0 0 0 0
0 0 0 19
0 0 0 28
0 0 0 46
0 0 0 0
0 0 0 0
0 0 0 28
0 0 0 1
3f 80 0 0
0 0 0 fa
0 0 0 80
0 0 0 d2
0 0 0 0
0 0 0 0
0 0 0 3
0 0 0 1
0 0 0 0
0 0 0 0
0 0 0 1e
0 0 0 1e
0 0 0 0
ff ff ff fb
0 0 0 0
ff ff ff ff
3f 80 0 0
0 0 0 fa
0 0 0 80
0 0 0 d3
0 0 0 0
0 0 0 0
0 0 0 1
0 0 0 1
0 0 0 0
0 0 0 14
0 0 0 a
0 0 0 1e
0 0 0 0
ff ff ff f6
0 0 0 50
0 0 0 1
3f 80 0 0
0 0 0 fa
0 0 0 80
0 0 0 d3
0 0 0 0
0 0 0 0
0 0 0 2
0 0 0 1
0 0 0 0
0 0 0 0
bf c0 0 0
ff ff ff ff
0 0 0 0
0 0 0 0
0 0 0 32
0 0 0 1
3f 80 0 0
0 0 0 fa
0 0 0 80
0 0 0 d3
0 0 0 0
0 0 0 0
0 0 0 1
0 0 0 1
0 0 0 0
0 0 0 16
0 0 0 1c
0 0 0 1c
0 0 0 0
ff ff ff fb
0 0 0 0
0 0 0 1
3f 80 0 0
0 0 0 fa
0 0 0 0
0 0 0 d3
0 0 0 d3
0 0 0 0
0 0 0 3
0 0 0 1
0 0 0 0
0 0 0 28
0 0 0 1c
0 0 0 1c
0 0 0 0
ff ff ff fb
0 0 0 0
0 0 0 1
3f 80 0 0
0 0 0 fa
0 0 0 0
0 0 0 d3
0 0 0 d3
0 0 0 0
0 0 0 3
0 0 0 1
0 0 0 0
0 0 0 0
0 0 0 f
0 0 0 f
0 0 0 0
ff ff ff fb
0 0 0 0
ff ff ff ff
3f 80 0 0
0 0 0 fa
0 0 0 0
0 0 0 d3
0 0 0 d3
0 0 0 0
0 0 0 3
0 0 0 1
0 0 0 0
0 0 0 f
0 0 0 19
0 0 0 19
0 0 0 0
ff ff ff fb
0 0 0 46
0 0 0 1
3f 80 0 0
0 0 0 fa
0 0 0 d3
0 0 0 0
0 0 0 0
0 0 0 0
0 0 0 1
0 0 0 1
0 0 0 0
0 0 0 5
0 0 0 b
0 0 0 2d
0 0 0 0
0 0 0 23
0 0 0 28
0 0 0 1
3f 80 0 0
0 0 0 fa
0 0 0 d3
0 0 0 80
0 0 0 0
0 0 0 0
0 0 0 3
0 0 0 1
0 0 0 0
0 0 0 1e
0 0 0 2d
0 0 0 4b
0 0 0 0
0 0 0 0
0 0 0 28
0 0 0 1
3f 80 0 0
0 0 0 fa
0 0 0 d3
0 0 0 80
0 0 0 0
0 0 0 0
0 0 0 1
0 0 0 1
0 0 0 0
0 0 0 19
0 0 0 29
0 0 0 46
0 0 0 0
0 0 0 5
0 0 0 28
0 0 0 1
3f 80 0 0
0 0 0 fa
0 0 0 0
0 0 0 0
0 0 0 0
0 0 0 1
0 0 0 1
0 0 0 1
0 0 0 0
0 0 0 64
0 0 0 5
0 0 0 c8
0 0 0 0
ff ff ff dd
0 0 0 96
0 0 0 1
3f 80 0 0
0 0 0 fa
0 0 0 c8
0 0 0 c8
0 0 0 c8
0 0 0 0
0 0 0 3
0 0 0 1
0 0 0 0
0 0 0 19
0 0 0 a
0 0 0 a
0 0 0 0
ff ff ff fb
0 0 0 0
0 0 0 1
3f 80 0 0
0 0 0 fa
0 0 0 d3
0 0 0 80
0 0 0 80
0 0 0 0
0 0 0 3
0 0 0 2
0 0 0 0
0 0 0 19
0 0 0 14
0 0 0 14
0 0 0 0
0 0 0 0
0 0 0 46
0 0 0 1
3e 99 99 9a
0 0 0 0
0 0 0 0
0 0 0 0
0 0 0 ff
0 0 0 2
0 0 0 3
0 0 0 1
0 0 0 0
0 0 0 14
0 0 0 14
0 0 0 14
0 0 0 64
0 0 0 28
0 0 0 78
0 0 0 1
3f 80 0 0
0 0 0 96
0 0 0 ff
0 0 0 ff
0 0 0 ff
0 0 0 0
0 0 0 2
0 0 0 2
0 0 0 0
0 0 0 0
0 0 0 0
ff ff ff ff
0 0 0 0
0 0 0 0
0 0 0 c8
0 0 0 1
3e 4c cc cd
0 0 0 0
0 0 0 ff
0 0 0 0
0 0 0 0
ff ff ff ff
0 0 0 0
0 0 0 1
0 0 0 2
ff ff ff ff
0 0 0 3
0 0 0 1
0 0 0 4
ff ff ff ff
0 0 0 5
0 0 0 6
0 0 0 7
ff ff ff ff
0 0 0 8
ff ff ff ff
0 0 0 9
0 0 0 a
ff ff ff ff
0 0 0 c
ff ff ff ff
0 0 0 d
ff ff ff ff
0 0 0 e
ff ff ff ff
0 0 0 f
ff ff ff ff
0 0 0 10
ff ff ff ff
ff ff ff ff
0 0 0 b
0 0 0 0
0 0 0 1
0 0 0 2
0 0 0 3
0 0 0 4
0 0 0 6
ff ff ff ff
0 0 0 63
0 0 0 9
0 0 0 8
0 0 0 7
0 0 0 5
ff ff ff ff
ff ff ff ff
