42 c8 0 0
43 16 0 0
c3 20 0 0
41 f0 0 0
c1 f0 0 0
0 0 0 1
42 14 0 0
c2 34 0 0
43 7f 0 0
0 0 0 0
0 0 0 3
0 0 0 1
0 0 0 0
42 c8 0 0
41 a0 0 0
42 c8 0 0
0 0 0 0
41 90 0 0
0 0 0 0
3f 80 0 0
3f 99 99 9a
43 7a 0 0
43 48 0 0
43 48 0 0
43 7f 0 0
0 0 0 0
0 0 0 3
0 0 0 1
0 0 0 0
42 70 0 0
40 80 0 0
42 70 0 0
0 0 0 0
41 90 0 0
0 0 0 0
bf 80 0 0
3f 80 0 0
43 7a 0 0
43 48 0 0
43 48 0 0
43 7f 0 0
0 0 0 0
0 0 0 4
0 0 0 1
0 0 0 0
3f 0 0 0
c3 7a 0 0
3f 0 0 0
0 0 0 0
41 60 0 0
0 0 0 0
bf 80 0 0
3f 80 0 0
43 7a 0 0
43 48 0 0
43 48 0 0
43 7f 0 0
0 0 0 0
0 0 0 2
0 0 0 1
0 0 0 0
0 0 0 0
3f 80 0 0
0 0 0 0
0 0 0 0
0 0 0 0
0 0 0 0
bf 80 0 0
3f 80 0 0
43 7a 0 0
43 48 0 0
43 48 0 0
43 7f 0 0
0 0 0 3
0 0 0 2
0 0 0 1
0 0 0 0
0 0 0 0
3f 80 0 0
0 0 0 0
0 0 0 0
41 90 0 0
0 0 0 0
3f 80 0 0
3f 80 0 0
43 7a 0 0
0 0 0 0
43 48 0 0
43 7f 0 0
0 0 0 0
0 0 0 1
0 0 0 1
0 0 0 0
42 c8 0 0
41 10 0 0
42 c8 0 0
0 0 0 0
41 10 0 0
0 0 0 0
3f 80 0 0
3f 80 0 0
43 7a 0 0
43 48 0 0
43 48 0 0
43 7f 0 0
0 0 0 0
0 0 0 3
0 0 0 1
0 0 0 0
42 34 0 0
c2 48 0 0
42 34 0 0
0 0 0 0
41 60 0 0
0 0 0 0
3f 80 0 0
3f 80 0 0
43 7a 0 0
43 48 0 0
43 48 0 0
43 7f 0 0
0 0 0 0
0 0 0 3
0 0 0 1
0 0 0 0
42 34 0 0
c2 48 0 0
42 34 0 0
0 0 0 0
41 a0 0 0
0 0 0 0
bf 80 0 0
3f 80 0 0
43 7a 0 0
43 48 0 0
43 48 0 0
43 7f 0 0
0 0 0 0
0 0 0 2
0 0 0 1
0 0 0 0
0 0 0 0
3f 80 0 0
0 0 0 0
0 0 0 0
41 60 0 0
0 0 0 0
bf 80 0 0
3f 80 0 0
43 7a 0 0
43 48 0 0
43 48 0 0
43 7f 0 0
0 0 0 0
0 0 0 2
0 0 0 1
0 0 0 0
0 0 0 0
3f 80 0 0
0 0 0 0
0 0 0 0
42 c8 0 0
0 0 0 0
3f 80 0 0
3f 80 0 0
43 7a 0 0
43 48 0 0
43 48 0 0
43 7f 0 0
0 0 0 3
0 0 0 2
0 0 0 2
0 0 0 0
0 0 0 0
3f 80 0 0
0 0 0 0
0 0 0 0
42 b4 0 0
0 0 0 0
3f 80 0 0
3f 4c cc cd
43 7a 0 0
42 c8 0 0
43 66 0 0
43 7f 0 0
0 0 0 3
0 0 0 3
0 0 0 1
0 0 0 0
42 34 0 0
c2 48 0 0
42 34 0 0
0 0 0 0
41 a0 0 0
0 0 0 0
3f 80 0 0
3f 80 0 0
43 7a 0 0
43 48 0 0
43 48 0 0
43 7f 0 0
0 0 0 0
0 0 0 2
0 0 0 1
0 0 0 0
0 0 0 0
3f 80 0 0
0 0 0 0
0 0 0 0
41 a0 0 0
0 0 0 0
bf 80 0 0
3f 80 0 0
43 7a 0 0
43 48 0 0
43 48 0 0
43 7f 0 0
0 0 0 0
0 0 0 1
0 0 0 1
0 0 0 0
42 b4 0 0
42 2c 0 0
42 b4 0 0
0 0 0 0
42 64 0 0
0 0 0 0
3f 80 0 0
3f 80 0 0
43 7a 0 0
43 48 0 0
43 48 0 0
43 7f 0 0
0 0 0 0
0 0 0 3
0 0 0 1
0 0 0 0
41 a0 0 0
42 48 0 0
42 c8 0 0
42 70 0 0
42 8c 0 0
0 0 0 0
3f 80 0 0
3f 66 66 66
43 7a 0 0
43 48 0 0
43 48 0 0
43 7f 0 0
0 0 0 0
0 0 0 3
0 0 0 1
0 0 0 0
41 20 0 0
42 20 0 0
42 c8 0 0
42 70 0 0
42 8c 0 0
0 0 0 0
bf 80 0 0
3f 80 0 0
43 7a 0 0
43 48 0 0
43 48 0 0
43 7f 0 0
0 0 0 0
0 0 0 2
0 0 0 1
0 0 0 0
0 0 0 0
0 0 0 0
3f 80 0 0
0 0 0 0
0 0 0 0
41 20 0 0
3f 80 0 0
3f 80 0 0
43 7a 0 0
43 48 0 0
43 48 0 0
43 7f 0 0
0 0 0 0
0 0 0 2
0 0 0 1
0 0 0 0
0 0 0 0
0 0 0 0
3f 80 0 0
0 0 0 0
0 0 0 0
c1 20 0 0
bf 80 0 0
3f 80 0 0
43 7a 0 0
43 48 0 0
43 48 0 0
43 7f 0 0
0 0 0 0
0 0 0 3
0 0 0 1
0 0 0 0
42 34 0 0
c2 48 0 0
42 34 0 0
0 0 0 0
41 60 0 0
0 0 0 0
bf 80 0 0
3f 80 0 0
43 7a 0 0
43 48 0 0
43 48 0 0
43 7f 0 0
0 0 0 0
0 0 0 1
0 0 0 1
0 0 0 0
41 a0 0 0
42 c 0 0
41 20 0 0
42 70 0 0
42 5c 0 0
0 0 0 0
3f 80 0 0
3f 80 0 0
43 7a 0 0
43 7f 0 0
43 48 0 0
43 7f 0 0
0 0 0 1
0 0 0 2
0 0 0 2
0 0 0 0
0 0 0 0
3f 80 0 0
0 0 0 0
0 0 0 0
0 0 0 0
0 0 0 0
3f 80 0 0
3f 19 99 9a
43 7a 0 0
43 1b 0 0
43 7f 0 0
43 7f 0 0
0 0 0 0
0 0 0 2
0 0 0 1
0 0 0 0
3f 80 0 0
0 0 0 0
0 0 0 0
0 0 0 0
0 0 0 0
42 c8 0 0
bf 80 0 0
3f 80 0 0
43 7a 0 0
43 7f 0 0
43 48 0 0
43 7f 0 0
0 0 0 2
0 0 0 3
0 0 0 1
0 0 0 0
41 0 0 0
41 0 0 0
41 0 0 0
c1 20 0 0
42 f0 0 0
41 80 0 0
3f 80 0 0
40 40 0 0
43 7a 0 0
43 7f 0 0
43 48 0 0
43 7f 0 0
ff ff ff ff
0 0 0 0
0 0 0 1
0 0 0 2
0 0 0 3
0 0 0 4
ff ff ff ff
0 0 0 6
0 0 0 7
0 0 0 8
0 0 0 9
ff ff ff ff
0 0 0 a
0 0 0 b
0 0 0 c
ff ff ff ff
0 0 0 e
0 0 0 f
0 0 0 10
0 0 0 11
0 0 0 12
ff ff ff ff
0 0 0 14
0 0 0 15
ff ff ff ff
0 0 0 16
ff ff ff ff
ff ff ff ff
0 0 0 5
0 0 0 0
ff ff ff ff
0 0 0 d
0 0 0 1
0 0 0 2
ff ff ff ff
0 0 0 13
0 0 0 3
ff ff ff ff
0 0 0 63
0 0 0 4
0 0 0 5
ff ff ff ff
ff ff ff ff
